#Startres Endres 0.167 1 10 120 min				
6 12	0.506615086	0.627858502	0.730455242	0.793512767
6 14	0.428448876	0.532935035	0.674331958	0.810780032
6 16	0.317995436	0.397968446	0.534520376	0.689671968
17 28	0.336160431	0.438364709	0.506981461	0.640617159
18 28	0.348932728	0.450288633	0.535933657	0.676985808
29 34	0.034261916	0.057657518	0.175110973	0.510095768
142 148	0.124618543	0.18813377	0.386375964	0.680758231
229 235	0.441778411	0.574933578	0.580929115	0.768684679
229 244	0.246875416	0.388309405	0.546149951	0.735522912
230 235	0.651764759	0.754125344	0.777012695	0.929624461
236 244	0.229280152	0.360025032	0.653610589	0.832954072
278 282	0.111108454	0.131856265	0.124105119	0.150245595
278 285	0.119677481	0.128762015	0.130421843	0.136260435
278 289	0.171948262	0.176075437	0.180794803	0.181462742
297 305	0.152682893	0.171452955	0.190638499	0.35314624
306 311	0.590510452	0.731046815	0.825050346	0.933537345
306 313	0.43682666	0.596530454	0.835873156	0.972212633
312 324	0.362923188	0.491049946	0.714919651	0.89533024
314 324	0.464379377	0.625128232	0.833925805	0.937161142
325 331	0.202439652	0.257650467	0.28293148	0.263072395
505 510	0.653314526	0.921655813	0.99948296	1.152093785
