# Res1   Res2  Times / min: 0.167 1.0 10.0 120.0
     6     12  0.38051  0.69599  0.92763  0.99999 
     6     14  0.28565  0.52362  0.71117  0.85265 
     6     16  0.22861  0.41943  0.57414  0.73301 
    17     28  0.01194  0.05505  0.15408  0.51988 
    18     28  0.01309  0.06031  0.16698  0.54562 
    29     34  0.00673  0.03816  0.22995  0.57101 
   142    148  0.00219  0.01297  0.11770  0.65181 
   229    235  0.19291  0.21949  0.36519  0.87639 
   229    244  0.15618  0.27043  0.43959  0.85814 
   230    235  0.23873  0.26034  0.34684  0.84573 
   236    244  0.08425  0.20556  0.41267  0.82484 
   278    282  0.00072  0.00429  0.04120  0.32374 
   278    285  0.00094  0.00559  0.05358  0.41389 
   278    289  0.00205  0.01213  0.10691  0.52402 
   297    305  0.00289  0.01682  0.12884  0.37292 
   306    311  0.40094  0.46226  0.60033  0.65822 
   306    313  0.29062  0.35388  0.55613  0.69507 
   312    324  0.25848  0.30364  0.56068  0.80525 
   314    324  0.30556  0.33835  0.52486  0.76629 
   325    331  0.00035  0.00210  0.02062  0.20543 
   505    510  0.05566  0.25406  0.66593  0.99597 
