# Res1   Res2  Times / min: 0.167 1.0 10.0 120.0
     6     12  0.35233  0.58388  0.98681  1.00000 
     6     14  0.26449  0.43935  0.75377  0.84593 
     6     16  0.21167  0.35194  0.60757  0.72289 
    17     28  0.00936  0.04768  0.18468  0.53227 
    18     28  0.01027  0.05227  0.20131  0.56550 
    29     34  0.01384  0.07329  0.28178  0.61331 
   142    148  0.00231  0.01368  0.12305  0.64475 
   229    235  0.19681  0.21844  0.35672  0.86442 
   229    244  0.16329  0.26671  0.43258  0.82668 
   230    235  0.24365  0.25926  0.33765  0.83080 
   236    244  0.09179  0.19879  0.40570  0.77496 
   278    282  0.00064  0.00383  0.03695  0.30284 
   278    285  0.00083  0.00496  0.04767  0.38006 
   278    289  0.00179  0.01058  0.09351  0.49423 
   297    305  0.00352  0.02031  0.14462  0.38838 
   306    311  0.40190  0.48426  0.60627  0.67753 
   306    313  0.29109  0.36849  0.55833  0.71168 
   312    324  0.21837  0.30051  0.55557  0.81849 
   314    324  0.25773  0.33620  0.52370  0.78219 
   325    331  0.00062  0.00368  0.03574  0.30821 
   505    510  0.05231  0.24286  0.65122  0.99503 
