# Res1   Res2  Times / min: 0.167 1.0 10.0 120.0
     6     12  0.34602  0.56410  0.88946  0.99932 
     6     14  0.25979  0.42471  0.68255  0.85052 
     6     16  0.20791  0.34022  0.55049  0.72661 
    17     28  0.01552  0.06862  0.19487  0.55697 
    18     28  0.01704  0.07533  0.21288  0.59633 
    29     34  0.00723  0.04093  0.24536  0.64480 
   142    148  0.00222  0.01317  0.11886  0.65143 
   229    235  0.19191  0.21697  0.35001  0.88587 
   229    244  0.16741  0.26874  0.43083  0.84103 
   230    235  0.23810  0.26071  0.35023  0.85878 
   236    244  0.09417  0.20233  0.40725  0.78630 
   278    282  0.00069  0.00410  0.03948  0.32144 
   278    285  0.00085  0.00508  0.04894  0.39490 
   278    289  0.00199  0.01178  0.10406  0.51647 
   297    305  0.00371  0.02126  0.14204  0.34760 
   306    311  0.37157  0.43689  0.57848  0.65930 
   306    313  0.26839  0.32907  0.52174  0.69079 
   312    324  0.16955  0.26483  0.52379  0.82949 
   314    324  0.20064  0.30155  0.51876  0.79560 
   325    331  0.00091  0.00544  0.05120  0.34965 
   505    510  0.05834  0.26273  0.68179  0.99725 
